583.80417434, 189.843462247
576.467937608, 197.194107452
569.10589651, 205.395306859
560.658730159, 214.957010582
551.750319285, 225.669220945
543.596393035, 236.414179104
537.979127135, 246.447817837
532.516084873, 257.478439425
528.364341085, 267.595489782
525.303433001, 278.679401993
524.125419182, 287.847753186
522.875247525, 300.010561056
522.049731183, 311.843413978
522.038411458, 322.799479167
523.489459816, 334.173913043
525.396856582, 346.280288147
526.930526316, 355.66877193
529.892804699, 368.083700441
533.439787092, 378.759813706
537.416851441, 390.18699187
542.387055016, 400.16828479
545.676806084, 405.12991128
546.480620155, 404.050685748
547.822332233, 403.658415842
549.895061728, 405.203703704
553.492379059, 407.326706428
557.654019874, 406.33604336
569.016260163, 410.211382114
580.126843658, 410.752949853
584.0, 416.0
594.0, 416.0
600.303030303, 408.303030303
632.0, 408.0
647.265206813, 402.370640714
656.44716871, 398.540572096
651.0, 402.0
645.0, 395.0
657.0, 410.0
674.0, 421.0
672.0, 413.0
666.124567474, 408.309688581
676.0, 417.0
676.0, 417.0
667.019607843, 412.387254902
674.0, 417.0
670.5, 415.0
659.0, 413.0
669.292717087, 407.071428571
674.566579634, 397.97824195
672.299421009, 394.903225806
668.625144175, 385.983852364
660.455833333, 365.275
656.878576953, 354.558391338
651.71316166, 342.233905579
647.557446809, 333.017730496
641.957463264, 322.240525909
637.876993166, 314.301442673
632.269017981, 304.890733057
630.0, 293.0
620.780439122, 285.622089155
614.617208672, 275.536585366
609.470783533, 266.235723772
603.043281654, 254.396640827
597.288032454, 243.647734956
591.441985245, 233.029510396
586.015214385, 221.558091286
580.55257732, 210.438487973
575.292765382, 198.495605139
569.664690382, 186.941370224
564.624207858, 176.9626109
558.868247694, 166.216732543
553.881880025, 155.943722944
548.202020202, 144.399326599
543.478036176, 133.571059432
538.179391682, 121.996275605
533.419291339, 110.763779528
529.419550698, 101.312689739
528.955555556, 106.524279835
523.29986053, 112.440027894
515.561269841, 114.725714286
505.402359882, 117.750442478
493.882611425, 121.467671061
484.923124231, 125.170356704
474.324836601, 130.273202614
464.637952559, 137.013108614
456.185528757, 143.783549784
447.614137484, 152.079118029
439.861379755, 161.431979368
433.303902751, 171.451055662
428.174904943, 181.025348542
423.586568084, 191.285274184
419.094545455, 202.882424242
415.65248227, 213.10896196
411.553345389, 224.901748041
407.979089791, 237.098400984
404.91618682, 247.774792067
401.00210084, 259.490196078
396.713055003, 270.761431412
392.604861111, 280.993055556
388.462033462, 290.68983269
383.587622549, 301.56127451
379.15601612, 311.572251007
374.985374771, 321.478976234
370.782837128, 332.011091652
366.467353952, 342.738831615
361.273262662, 354.956419317
357.2, 366.577160494
352.914514145, 378.849938499
348.39298893, 390.875768758
343.505747126, 402.250957854
341.326086957, 406.147714604
340.201814059, 402.065192744
337.312431243, 401.787678768
332.038812785, 403.235730594
325.794326241, 406.058027079
302.5, 416.5
309.114851485, 411.230363036
301.328214971, 408.882917466
292.837121212, 404.671085859
284.411530815, 399.078860172
277.047249191, 393.440776699
268.673965937, 385.131995134
262.080749354, 376.313953488
255.710261569, 365.981220657
250.489781536, 356.195207893
244.957446809, 342.835589942
241.364043506, 331.178502879
238.16120745, 318.043673732
235.271656272, 305.498267498
232.776908023, 293.517938682
230.29158383, 281.971504307
227.680694723, 269.975283901
224.738888889, 259.020833333
220.825842697, 245.756554307
217.938162544, 233.625441696
214.61100804, 222.209029066
211.678678679, 210.665465465
208.082382763, 199.126742712
204.515318627, 187.760416667
201.075645756, 175.210947109
191.325505545, 135.09915199
188.490313961, 120.650634603
185.435897436, 106.35301133
183.280893043, 98.7320872274
176.808449074, 108.776041667
171.760778128, 109.768664564
165.270941652, 106.975736568
164.010844749, 104.882420091
166.54410894, 100.761397276
160.188888889, 91.5894444444
161.154540327, 90.7602932882
162.206401766, 89.1219646799
163.691613588, 88.588641189
164.344791667, 87.6401041667
164.435500516, 86.0902992776
177.0, 92.0
164.805758907, 82.4426549536
166.578695392, 85.7588270497
165.409570154, 95.4582319546
163.585701981, 103.873385013
161.706908115, 110.308517773
164.24423676, 114.719626168
164.264408794, 119.416518122
165.752342704, 123.998661312
168.434432234, 130.025641026
166.375085558, 138.532511978
163.310638298, 148.811347518
161.19330855, 160.016109046
159.919236417, 170.748898678
159.838424983, 181.384928717
159.866102889, 191.627906977
161.157588962, 203.432824982
162.426863572, 214.681434599
165.037940379, 226.770325203
167.391566265, 237.890896921
172.5, 262.5
172.671968191, 258.615639496
176.424773022, 268.881971466
179.012516469, 278.273386034
182.597997139, 290.040772532
186.033117351, 301.660907127
188.664444444, 313.888148148
191.944802867, 326.372759857
194.458430458, 338.044289044
196.401157982, 350.151364764
197.823283082, 361.690117253
198.298288509, 374.083129584
198.583146905, 385.901565996
197.770778653, 398.058617673
208.5, 392.5
200.342774147, 398.448075527
200.973741794, 395.024070022
195.708015267, 394.295165394
186.67961165, 393.172815534
166.5, 384.5
167.707502374, 387.237416904
161.0, 390.0
165.0, 392.0
165.015346839, 380.222222222
165.25167336, 371.521419009
167.597345133, 359.265486726
170.382222222, 346.712888889
174.739263804, 334.665644172
180.605721393, 322.0
186.005979073, 309.251121076
195.513541667, 296.032291667
201.686666667, 284.806666667
209.653530378, 274.68226601
217.665090623, 264.821907013
226.365665897, 255.41878368
235.604347826, 246.57826087
244.925856698, 236.744548287
254.137218045, 227.806390977
262.926423544, 219.127319258
272.289962825, 209.838289963
279.983950617, 201.698148148
287.950850662, 192.97794581
296.417821782, 183.18019802
305.332038835, 173.180582524
314.788666667, 162.650666667
323.460666667, 152.632
331.579084967, 142.864052288
338.954487179, 133.132051282
347.098144823, 122.979652902
354.25, 112.658105023
361.16581777, 102.608941709
366.002575992, 96.6527563112
368.577054795, 102.272260274
373.473544974, 104.335978836
381.641911341, 104.587219344
403.956625074, 103.80154486
414.91372549, 104.222875817
427.452, 105.47
439.385542169, 107.647255689
452.230340988, 111.98190675
465.013968254, 116.959365079
477.091575092, 121.942002442
488.788827502, 127.639042357
500.264478764, 133.391248391
511.831111111, 140.543492063
523.131562302, 148.246679317
534.280361757, 155.88372093
544.889287852, 162.925194494
555.241792929, 169.163510101
566.007590133, 175.611638204
575.402321083, 181.232753063
586.240880503, 188.183018868
596.515802027, 195.375074538
607.524358974, 203.316666667
610.0, 199.0
628.238010657, 218.14920071
638.58041958, 225.442890443
649.083487941, 232.606060606
658.486910995, 238.732984293
661.41609589, 242.238013699
655.813358302, 243.756554307
651.847031963, 248.053272451
647.288135593, 257.290018832
642.291761149, 265.736205593
636.009762901, 274.528591353
629.816842105, 283.016140351
622.458590007, 291.008213552
615.7100271, 298.530487805
606.712758851, 307.11489646
598.509240246, 314.704312115
587.922875817, 323.730718954
576.359574468, 334.707092199
565.553405018, 344.622222222
554.916666667, 354.065373563
546.233262861, 362.699788584
536.823529412, 372.337535014
527.646285339, 380.662721893
517.507002801, 389.06512605
506.793721973, 396.90284006
493.69379845, 404.845607235
483.030993042, 409.866540164
473.144422953, 413.880077369
460.857142857, 417.835775336
451.054421769, 419.401360544
444.644781145, 417.745230079
436.434062293, 414.219350563
427.305986696, 411.026607539
415.110169492, 410.400423729
403.597653554, 410.88957902
392.69870484, 411.66734833
381.15018315, 413.394383394
370.40545809, 415.170890188
360.750324254, 416.377431907
351.004813478, 416.694344164
341.603326935, 417.015994882
330.496534342, 417.187775677
306.5, 418.5
305.006493506, 417.546176046
293.966226138, 418.176945668
290.5, 422.0
274.873702422, 416.978662053
266.464216634, 416.380399742
257.369005848, 415.340935673
246.527828746, 414.296636086
232.880864198, 411.959259259
220.324271845, 410.201941748
209.124271845, 408.361812298
196.71031746, 406.318121693
185.012844037, 404.379816514
173.370018975, 403.082226439
166.422308188, 402.115409413
169.0, 399.0
171.332720588, 404.917279412
179.0, 391.0
170.031036623, 402.47858473
165.250152905, 402.89235474
169.0, 397.0
169.0, 397.0
169.0, 397.0
169.0, 397.0
162.79843562, 405.124548736
161.993614304, 404.392720307
156.598739496, 404.567927171
154.878378378, 408.204504505
160.0, 418.0
161.704918033, 411.12363388
176.153583618, 415.324232082
216.213734568, 417.536265432
226.602623457, 417.466049383
237.71316166, 416.994277539
248.960176991, 416.435840708
259.568396226, 416.315251572
284.75020475, 415.505323505
298.687793427, 415.312989045
313.177683014, 414.174129353
326.689115646, 412.602040816
340.527719298, 412.274385965
354.188434048, 411.763482781
366.350586611, 410.626639061
379.202141901, 409.787817938
391.527310924, 408.226190476
402.32300885, 406.834070796
414.50899928, 406.19150468
427.428904429, 405.755244755
439.748079877, 405.46390169
452.674981104, 405.702191988
464.176385889, 405.930885529
474.847311828, 405.979928315
485.34261242, 406.400428266
496.029737206, 406.93153527
507.748015873, 407.465608466
518.818121693, 407.080026455
530.282591725, 407.113192818
541.279826464, 406.758496023
550.356871678, 406.141230068
562.263340263, 404.567567568
571.804494382, 403.522846442
582.810672515, 401.592105263
594.026143791, 399.642973856
604.201735358, 398.031091829
613.455862978, 396.362977602
623.623840114, 394.678800857
645.29969419, 393.237767584
655.705978706, 392.254709255
655.454094293, 389.978494624
651.0, 389.0
656.273273273, 377.17042042
660.0, 376.0
652.22078853, 358.823655914
648.724856322, 349.441091954
643.770140429, 338.242424242
639.157320872, 326.842679128
633.545023697, 314.890205371
628.999221184, 304.112928349
622.775540641, 289.585384042
617.920386905, 276.726934524
612.774637681, 265.742028986
607.335353535, 254.593939394
602.600660066, 245.372277228
598.012898846, 235.723014257
592.274747475, 225.125925926
586.5703125, 215.091145833
580.736375158, 205.595690748
574.629098361, 197.030054645
567.957356077, 188.831556503
560.016404199, 180.855643045
540.5, 166.5
532.5, 160.5
533.59070072, 160.0681074
523.411689146, 154.168272319
514.042153048, 148.968871595
503.47997416, 144.824935401
491.38697318, 140.712643678
481.246819338, 138.346692112
470.574673481, 135.465076661
459.918022905, 132.996383363
449.815693431, 131.130170316
437.157264957, 128.858689459
426.900362319, 126.976449275
416.431478157, 125.82106523
405.376163873, 124.770949721
394.088729017, 123.389688249
383.591575092, 122.554945055
372.765285996, 122.243918475
360.655642023, 121.273022049
349.347169811, 120.541509434
338.053045187, 120.400785855
327.085436893, 120.394822006
315.550995025, 120.552238806
305.308198683, 121.664871335
294.241106719, 122.811594203
281.823608317, 124.370221328
270.673441734, 126.675474255
259.831372549, 129.707189542
249.423476005, 133.384565499
239.505660377, 137.871069182
231.423146474, 142.244122966
222.950501253, 147.890977444
215.08813784, 153.744864148
206.65408805, 161.071698113
198.820666667, 168.875333333
192.202020202, 176.131313131
186.072805139, 184.28551035
179.951971326, 192.810035842
173.867780097, 202.438413361
168.298651252, 213.229929351
163.697795071, 222.955252918
158.855333333, 234.190666667
155.025333333, 244.746
152.523980815, 255.528776978
150.451499118, 264.171075838
149.16954023, 273.516666667
149.200125078, 282.940587867
149.93159204, 291.176616915
151.381510417, 300.061848958
153.298210736, 310.178926441
155.103000811, 317.136253041
158.778538813, 327.360730594
163.097415507, 336.746189529
168.147832267, 344.752665245
173.49498998, 351.555778223
179.621052632, 358.522807018
187.348739496, 365.273109244
194.662384011, 371.127052106
202.136904762, 376.10515873
201.0, 380.0
219.843986254, 385.780756014
229.774811773, 390.965092402
227.0, 392.0
251.475422427, 400.56374808
262.466977467, 405.031857032
273.129588015, 409.013483146
298.5, 416.5
295.303685897, 415.715544872
305.525019246, 417.234026174
316.007390983, 418.263118995
324.943071161, 418.875655431
335.939259259, 419.053333333
347.52297593, 419.034281546
357.483723958, 418.55859375
367.61100804, 418.29004329
379.5, 420.0
397.686597938, 412.972508591
406.785343709, 410.449416342
416.015277778, 407.267361111
425.668073136, 403.103375527
435.401622718, 398.067613252
444.50931677, 392.512077295
453.706004141, 386.11042098
461.744639376, 379.328784925
469.25660864, 372.464216634
477.303030303, 365.077823691
485.700908456, 357.535290007
493.629710145, 350.306521739
501.335465529, 343.094527363
511.048398091, 334.519427403
519.24789644, 327.331391586
527.979333333, 319.717333333
537.352941176, 311.287581699
546.990934449, 302.738493724
556.101167315, 294.496757458
564.542349727, 286.713797814
574.028236915, 278.296831956
583.474226804, 269.279037801
592.887351779, 259.996047431
602.268214055, 249.700838169
610.535433071, 239.854986877
617.504539559, 230.147859922
624.571962617, 219.513395639
631.037924152, 208.667997339
636.509038322, 199.342010123
642.762711864, 186.455508475
647.352657005, 175.761214631
651.731538992, 162.940648723
655.592592593, 151.076719577
659.426501035, 138.62594893
662.998065764, 126.631205674
665.8138942, 115.304015296
669.608115942, 103.223768116
669.143581081, 102.111486486
656.5, 102.5
659.161370717, 107.485981308
650.399491094, 104.136132316
638.307977737, 101.261595547
626.588056063, 98.6782449726
614.923211169, 97.0668993601
603.927835052, 95.3568155785
590.517055655, 94.038898863
578.104440275, 92.0838023765
565.547666009, 90.7797501644
552.291089109, 89.3353135314
539.859616574, 87.8639455782
527.797833935, 86.7262334537
516.63806188, 86.5440747227
504.958712811, 86.2137219186
493.122584541, 85.1926328502
483.574349442, 86.4262701363
472.160071942, 89.4190647482
460.112865497, 93.5198830409
448.798507463, 98.1735074627
438.172043011, 103.534946237
427.232716049, 108.792592593
415.910646388, 114.589987326
405.676607025, 119.921139828
394.330006653, 125.817697937
381.994612795, 131.566329966
370.270997375, 136.219816273
358.614919355, 140.995967742
346.730125523, 145.824965132
334.397614314, 149.643472498
321.235334714, 153.229813665
309.008298755, 156.237206086
295.989723828, 158.946050096
283.583154889, 161.647394718
271.322873082, 164.361924686
258.476861167, 166.996646546
245.849673203, 169.638562092
232.42047532, 172.634978672
220.645640074, 174.93877551
207.389084507, 176.67899061
194.15571344, 178.170515098
180.959265634, 178.776821572
168.721254355, 178.62369338
163.791808874, 180.357792947
164.270733012, 182.945960407
160.98546042, 184.836833603
162.582706767, 184.589598997
164.737564322, 181.206975415
156.666666667, 176.333333333
170.367063492, 156.755291005
175.335897436, 149.121794872
181.403284672, 141.9756691
188.265179678, 135.381040892
197.510472771, 129.140035907
207.95263789, 122.058153477
218.384044527, 114.993197279
228.651837524, 106.958736299
238.631545338, 99.1098339719
246.493678161, 93.7804597701
248.767605634, 98.0393192488
247.0, 106.0
262.665420561, 109.693457944
270.740812379, 116.641521599
279.836438923, 125.56452726
288.742459397, 136.631090487
297.124031008, 147.537984496
304.859188544, 157.661097852
311.875951294, 168.619482496
318.589449541, 179.78440367
324.637464387, 189.463675214
331.308265583, 200.348238482
337.268292683, 212.054200542
342.835365854, 223.546747967
348.740740741, 235.244047619
354.633934536, 246.410153641
360.375847197, 257.410351201
366.129304743, 268.443794672
371.234519104, 278.072463768
376.673052363, 288.213920817
382.764478764, 298.667953668
388.828440965, 308.374429224
394.959577114, 318.110074627
401.647734956, 329.144016227
408.747148289, 339.323193916
415.661427636, 349.472822528
421.704487179, 359.082692308
428.640277778, 369.360416667
435.145658263, 377.803921569
442.954301075, 387.607526882
450.505789153, 396.123095673
458.034749035, 403.388030888
464.053941909, 406.141078838
469.211221122, 400.163366337
475.940507437, 397.072615923
498.5, 400.5
496.026126126, 396.016216216
510.912280702, 396.826953748
525.11033411, 397.625485625
537.889138577, 397.024719101
550.707762557, 395.684931507
563.611111111, 393.783703704
574.982155603, 391.184154176
587.093214019, 387.890380313
597.172222222, 384.574305556
607.705761317, 380.497256516
618.430316092, 375.922413793
628.760701754, 371.44
639.048297704, 367.155186065
652.114942529, 362.950957854
658.397805213, 360.621399177
651.918454936, 360.981402003
645.87431694, 365.855581577
646.261954262, 375.636867637
643.698765432, 387.474074074
638.279132791, 399.674796748
633.296296296, 408.776776777
632.533859303, 409.692965155
628.44975745, 410.898128898
622.087040619, 409.343649259
614.585488506, 406.570402299
606.931601732, 403.492640693
597.272952854, 399.153846154
587.932255581, 393.511932256
579.567695962, 387.493269992
570.847533632, 380.80941704
560.94143167, 373.034707158
552.04434907, 366.551502146
541.933194154, 359.83855254
531.37037037, 353.224137931
520.991178324, 346.736609956
510.486297004, 340.480560867
499.848783695, 333.796186719
489.256944444, 327.581944444
478.747787611, 321.370943953
468.521330441, 315.025307303
458.54496124, 308.480620155
447.720662347, 301.75449964
437.393361582, 296.206214689
426.905294556, 290.44295302
415.252898551, 285.113043478
402.377358491, 279.242487771
391.452083333, 275.534722222
379.938471941, 271.495605139
367.126436782, 267.647988506
355.335917313, 264.30620155
343.044260028, 261.497925311
331.841650033, 258.48835662
320.236338798, 256.339480874
306.896794872, 254.449358974
294.838114754, 252.43784153
282.80125523, 250.839609484
269.714107366, 249.781523096
257.163684559, 248.549370444
244.952198853, 247.607393244
233.351334575, 245.771570453
220.727217125, 243.777981651
209.029969419, 242.306422018
198.671586716, 241.052890529
188.018753781, 239.934059286
176.09929078, 238.091016548
165.268080479, 236.654703643
166.964539007, 237.236224768
168.811897106, 237.525723473
168.62735595, 237.53634895
164.698564593, 235.500265816
163.735294118, 234.088235294
166.534722222, 231.781565657
166.469244288, 228.019332162
164.813378302, 220.725688589
162.232172471, 210.583195135
159.630074328, 199.661520869
157.537673297, 185.405063291
155.761067708, 172.495442708
153.869069069, 159.606606607
155.864240324, 142.192952051
160.825117371, 134.291079812
166.4592, 125.8384
171.854483926, 117.948110547
182.615954416, 102.049002849
189.017421603, 93.9523809524
192.717054264, 92.0703211517
198.449799197, 93.660929432
206.960566852, 96.5459026494
216.446529081, 100.873671044
225.582329317, 106.34939759
234.679618269, 112.869120654
244.045859001, 121.32991102
253.198252688, 130.01344086
261.720545977, 139.331178161
270.06029106, 148.67983368
277.896174863, 158.397540984
285.038017651, 169.205023761
291.79944095, 179.213836478
298.373883162, 188.115463918
304.726732673, 198.181518152
310.109570957, 208.017821782
315.831076725, 218.953578337
321.012526096, 230.292971468
325.115151515, 240.790572391
329.038329911, 251.005475702
333.460165711, 263.441045252
337.740204943, 275.178420735
340.899131597, 286.679358717
344.47108512, 298.203378817
348.411650485, 308.855016181
352.050035236, 319.582804792
355.789508632, 330.534528552
359.86787391, 341.538564722
363.971943888, 353.012692051
367.990953375, 363.505915101
371.961783439, 375.102618542
376.558963872, 387.03135651
381.601081812, 398.609871535
384.502487562, 403.129353234
387.690288714, 396.42432196
394.172839506, 394.318518519
404.803792852, 391.680525164
415.436050364, 388.166998012
425.605860806, 383.710622711
436.14105595, 378.639085894
447.048888889, 372.005925926
455.881766382, 365.822649573
463.958610495, 356.446415373
470.941304348, 347.820289855
477.385620915, 338.196078431
483.266100495, 327.215145081
487.917344173, 316.711382114
491.92800576, 305.24550036
495.091503268, 293.775599129
498.263408011, 281.570264766
501.366666667, 270.340666667
504.137978142, 259.398907104
507.075510204, 248.098639456
510.631372549, 236.337908497
514.273833671, 224.783637593
516.658169935, 214.073202614
519.170991351, 203.348636061
521.986189579, 192.412429379
524.790495315, 181.161981258
527.610328638, 169.318578135
531.139892905, 156.938420348
534.818061089, 143.528552457
537.647509579, 131.902298851
539.574944072, 120.091722595
541.762308998, 107.540464063
542.319499341, 99.4229249012
542.94934334, 101.678549093
540.526436782, 102.298850575
535.114183308, 101.96671787
526.835045662, 101.908105023
504.5, 110.5
506.551872314, 104.386126458
494.625553447, 107.698924731
484.085271318, 112.855943152
473.18762475, 118.420492349
463.532173913, 124.96057971
453.950121655, 132.112530414
443.507907543, 140.96836983
435.805031447, 148.61572327
427.660153937, 156.32267614
419.847511027, 164.836168872
411.214786488, 174.639260676
404.109195402, 183.75862069
397.157353886, 193.624919717
390.826510721, 203.380766732
384.561961564, 214.08880053
379.737179487, 225.515384615
375.500306937, 236.585021486
372.71641791, 247.01181592
370.425111536, 258.30720204
368.65847511, 270.061751733
366.419191919, 281.325126263
364.800124146, 293.304158908
363.055343511, 304.673664122
361.467463479, 316.826693227
360.260544218, 329.052380952
359.191437309, 341.811009174
357.717208183, 354.501805054
356.540754258, 366.611313869
356.103492063, 377.533968254
355.143925234, 390.131464174
354.534516765, 401.007232084
355.223492063, 402.652698413
354.967721912, 400.001862197
353.629567173, 400.20123665
351.922241281, 400.960548885
348.130868545, 405.304577465
344.142440163, 408.054874489
340.11361015, 407.746251442
335.288253968, 407.123174603
327.829268293, 406.411730546
320.130801688, 406.250150693
310.520618557, 405.495990836
301.091307067, 404.520950594
290.539179104, 402.766169154
279.731977819, 400.202094886
268.433394721, 397.403928791
257.477380952, 394.768452381
246.464135021, 391.577456299
234.825305074, 388.242774566
223.589075109, 384.530726257
212.300970874, 381.40776699
200.814014407, 378.114603798
189.483168317, 375.15709571
178.105306799, 372.309286899
168.935724963, 369.745142003
172.642300195, 367.624756335
175.979112272, 363.227154047
166.5, 344.5
177.685264664, 347.180257511
178.747097844, 335.320066335
182.080784314, 321.919215686
185.099273608, 309.393058918
188.636826783, 296.583697234
193.363079615, 282.717410324
198.985938792, 270.47311828
204.27359882, 259.574483776
210.75990676, 248.557886558
219.193173566, 237.473493101
226.347763348, 227.611111111
234.42875817, 217.593464052
241.945825366, 208.318674315
248.847145488, 198.745856354
255.921313507, 188.766418835
263.583333333, 177.076086957
269.630975143, 167.138942001
275.834558824, 155.463848039
285.114114114, 133.147147147
289.399439776, 122.023529412
295.966666667, 98.8692307692
296.295384615, 103.654871795
295.068471338, 107.106687898
293.641247834, 107.899480069
290.621916236, 106.107286288
284.776215583, 100.458699473
277.818827709, 93.8229721729
272.741016109, 91.6350681537
267.07074137, 94.5365025467
259.213288666, 96.2188721385
249.248075784, 98.5263469509
237.380208333, 101.245442708
226.246800731, 104.69408897
216.653775322, 108.193370166
205.220754717, 112.37672956
193.883394383, 116.410866911
183.146473779, 120.526220615
172.637707948, 124.701170672
165.747311828, 128.667264038
166.727385378, 131.428748451
166.726060606, 136.284848485
164.806918239, 143.060377358
161.841365462, 152.708835341
159.314439946, 163.570175439
156.987256875, 174.336686787
156.187460013, 184.470889315
154.985138004, 195.303609342
153.921199442, 205.338912134
153.454545455, 215.562367865
153.732732733, 227.386636637
154.026748971, 237.327160494
154.559310802, 248.781312127
155.591208791, 257.371428571
156.123354123, 268.982674983
156.341168091, 278.548433048
156.383404864, 289.412732475
156.549800797, 301.105577689
157.048906049, 310.106177606
156.723658052, 320.941683234
155.377235772, 332.226829268
154.681233933, 341.201371037
155.490036232, 349.510869565
157.660130719, 358.307189542
160.564795565, 367.144837145
164.450038139, 376.464530892
168.85917603, 385.970786517
169.0, 394.0
182.5, 416.5
175.0, 407.0
173.0, 401.0
176.261261261, 401.978978979
168.5, 410.5
172.220694172, 406.614276359
178.0, 408.0
174.5, 400.5
170.201773836, 384.60014782
174.045918367, 372.409863946
178.267015707, 361.292321117
183.534839925, 348.988700565
189.183477426, 338.384245917
196.801675978, 327.213221601
204.611916264, 316.301932367
212.761054422, 305.647108844
222.480620155, 295.439276486
232.195202647, 285.314309347
241.521604938, 276.813271605
251.653846154, 268.784188034
262.745634017, 261.66818527
274.196938065, 255.153792624
285.495457722, 249.767295597
297.794178794, 244.440748441
308.829613095, 240.290178571
320.31300813, 235.862466125
332.546099291, 231.31592521
344.515919428, 226.654320988
355.539531942, 222.180898166
367.010060362, 216.44668008
377.684546616, 211.233077905
389.274312542, 204.968477532
401.08974359, 199.047233468
412.379610999, 193.615023474
424.062753036, 188.351551957
434.912144703, 182.910206718
446.857575758, 177.207272727
457.565521628, 172.465012723
468.640024783, 167.803593556
480.530359356, 163.166666667
492.307000642, 159.242132306
503.931734317, 155.093480935
515.976969697, 151.11030303
527.047619048, 147.111111111
539.546518792, 142.922365989
551.456597222, 138.936921296
563.844797178, 135.133450911
575.16064257, 130.916810098
587.208920188, 126.615610329
597.543828265, 122.541443053
609.184606481, 118.383680556
619.968434343, 114.114267677
642.5, 108.5
642.49015748, 105.127952756
653.242155121, 100.682652457
662.43769766, 95.6831119545
664.790018832, 93.0306026365
665.22022022, 91.5495495495
663.19379845, 92.6062015504
663.887969095, 95.0844370861
668.037103531, 99.1699581089
671.135487528, 105.391723356
673.371900826, 111.060606061
674.98292011, 117.557575758
676.897517169, 124.016904385
675.290860215, 127.399462366
672.024531025, 133.631553632
669.069285325, 140.49045281
665.201376936, 149.60757315
661.425385935, 159.238993711
657.172711572, 167.983304548
651.859649123, 178.219298246
644.5, 200.5
643.304189435, 198.608378871
639.396363636, 209.868484848
635.719397363, 220.894538606
631.326593137, 232.204044118
626.115049751, 244.03420398
621.306790123, 255.27345679
615.375, 267.554644809
610.350187266, 277.411985019
604.742677824, 287.769874477
597.722814499, 298.780383795
591.19056724, 307.598470363
584.021290752, 318.425149701
575.296568627, 329.767973856
567.508607199, 338.6885759
559.005388761, 348.464973056
550.667445483, 357.468068536
541.731284476, 365.575256107
532.918754746, 373.413819286
523.908194701, 381.691928527
515.201008192, 388.982986767
507.383302864, 396.573430835
498.20913884, 405.029291154
492.380368098, 409.044989775
488.058351568, 407.479212254
480.77, 403.693333333
472.540935673, 399.251461988
464.656118143, 393.348804501
455.806853583, 384.879283489
447.41828479, 377.05420712
439.486564996, 366.975308642
432.000687285, 357.068728522
425.1232493, 346.471288515
418.882062147, 335.482344633
412.225510923, 323.132487667
405.830175439, 312.361403509
399.539614561, 301.007851535
393.75933908, 291.55316092
387.67027417, 281.077922078
381.497844828, 270.55316092
375.155511811, 260.114829396
369.263193053, 249.943219773
363.655310621, 239.444221777
357.725196288, 227.304782298
352.19557459, 215.314061385
346.510132774, 203.229909154
341.366391185, 191.306473829
335.890959282, 177.511387164
330.880952381, 164.915584416
326.516011645, 153.066957787
322.415277778, 140.288888889
318.551034975, 127.356887937
315.30507386, 113.741168915
312.536828964, 101.417602996
312.0, 114.0
312.972482802, 108.634146341
317.397535668, 111.502594034
325.442748092, 115.020992366
332.316373125, 118.592302674
339.51795977, 122.806752874
347.02771855, 129.690120824
354.133171913, 138.532687651
360.608562691, 146.880733945
366.836309524, 157.726934524
372.004319654, 169.846652268
377.498563218, 182.612068966
382.861979167, 195.639322917
387.018554063, 207.52975048
390.39223301, 218.986407767
392.612630208, 230.603515625
395.075226978, 241.311932555
396.675298805, 251.793492696
397.41503268, 262.952287582
397.062626263, 274.085521886
396.274213836, 285.462264151
394.830698287, 296.667325428
392.607189542, 308.480392157
389.938351254, 320.14265233
385.608527132, 331.26873385
380.50976431, 342.75959596
374.907518297, 352.921490353
368.189259987, 362.935821873
361.116442738, 371.791426743
352.938985228, 380.788696211
345.395437262, 388.391634981
337.557704707, 396.428110896
328.119180633, 405.076350093
321.117682198, 410.127240143
316.545401289, 410.68248389
309.841849148, 410.833333333
302.119135802, 411.349382716
291.702448211, 411.699937225
281.593261131, 411.519253911
270.712345679, 410.362345679
258.952034001, 408.368548877
245.955687831, 404.659391534
235.346743295, 400.791187739
222.891749175, 394.974917492
211.684989429, 388.367159972
202.268965517, 382.200766284
192.253863135, 373.582045622
183.11208577, 362.892787524
175.285245902, 352.979234973
168.800995025, 342.890547264
163.5, 332.983134921
158.075471698, 321.009883199
153.911167513, 309.733502538
151.941129674, 302.299920446
153.8330033, 295.807920792
158.546809779, 289.381037567
162.820422535, 283.21713615
167.577866137, 273.787939032
170.947331947, 265.776853777
174.602794411, 257.223552894
179.369609856, 246.357289528
185.239334779, 234.603759942
191.397355602, 223.548364649
197.740740741, 211.405228758
204.28313253, 200.140562249
210.717700258, 189.242894057
216.383966245, 179.793248945
223.98977136, 168.248495788
230.746323529, 158.34129902
236.78057554, 148.742206235
243.583625731, 139.123976608
249.691072575, 129.11046885
256.020872865, 117.750158128
262.158203125, 106.539713542
269.194919647, 100.623120788
273.453463203, 96.5735930736
275.377502945, 100.289163722
280.965641953, 100.908378541
290.811435523, 102.159367397
300.243564356, 104.420462046
310.177927928, 108.204954955
319.955399061, 111.91627543
330.022653722, 117.126213592
339.715339233, 123.263274336
348.98825257, 129.799559471
357.87605042, 136.693277311
367.540522876, 144.18627451
377.201058201, 151.497354497
386.343234323, 158.460726073
396.02875817, 165.692810458
406.220502901, 172.745325596
415.572564612, 179.838303512
425.688715953, 186.871595331
435.362516213, 194.15304799
444.731138546, 201.146090535
454.096369637, 209.200660066
463.391873278, 218.099173554
471.719971571, 226.886282871
480.455167693, 236.720054757
488.162601626, 245.806910569
494.819838057, 255.399460189
500.682634731, 264.944777112
505.751312336, 275.056430446
509.083021223, 286.197253433
512.194174757, 297.891909385
514.360308285, 310.0507386
516.720518064, 324.066121336
518.50343965, 336.591619762
520.475134409, 348.581317204
522.243107769, 359.633458647
523.645182292, 371.409505208
524.606714628, 383.010191847
526.37015873, 394.816507937
528.02259887, 402.656622724
529.431492843, 400.927062031
530.140974967, 398.61198946
526.962745098, 398.654248366
519.69043152, 401.340838024
513.131064902, 404.686200378
503.795484728, 408.733067729
494.845944104, 412.794137696
485.51626898, 416.396963124
478.702439024, 417.808943089
468.053306343, 417.296896086
458.953686776, 415.652041438
446.779352227, 412.900134953
435.692090395, 410.52259887
421.694779116, 408.25060241
407.081284153, 406.555327869
394.458161866, 406.351165981
382.204301075, 406.118876941
370.936758893, 407.187747036
360.195959596, 408.21010101
348.985284709, 409.664107486
338.574520717, 411.367965368
328.9375, 413.611519608
321.054707379, 414.910305344
313.63259853, 412.990647963
303.092198582, 408.683430045
294.870810481, 404.759902498
285.950381679, 399.586513995
277.842948718, 393.637179487
269.292950034, 386.757700205
261.421670117, 379.640441684
254.020180932, 371.892136395
246.607375271, 363.657989877
237.288609364, 352.797344514
230.184439973, 344.590207914
222.13974359, 336.172435897
213.344329897, 327.010996564
205.153792624, 318.883785665
196.77257298, 310.482009504
188.093306288, 302.440162272
178.900203666, 294.596062458
170.082062455, 287.036310821
162.424516908, 280.722826087
163.318531676, 278.40615749
162.950945626, 276.170212766
163.053448276, 274.145402299
161.136448598, 270.975700935
162.445359692, 269.654585393
161.538461538, 269.477564103
163.93916024, 269.032562125
163.184790334, 277.86496091
168.105306799, 288.078772803
176.171193416, 295.243621399
182.533996683, 300.971807629
190.372641509, 305.693396226
200.55632716, 307.833333333
210.740820734, 307.989920806
222.384615385, 307.257875458
233.814336918, 305.370609319
246.831831832, 302.776576577
258.621182586, 299.619233268
269.084767368, 295.991077119
280.473226238, 292.357429719
291.758530184, 288.23687664
303.784518828, 284.39888424
314.055788006, 280.034170153
325.552915767, 275.712742981
337.156682028, 270.865591398
349.474932249, 265.703252033
359.570230608, 261.034241789
371.534035088, 255.904561404
382.717046239, 250.652173913
394.924501425, 244.452279202
407.325068871, 238.176997245
418.188496188, 232.484407484
429.508807588, 226.562330623
439.503644798, 220.966865474
448.869444444, 215.3125
458.80952381, 208.998658618
468.393878909, 202.100465735
478.455345912, 195.280503145
487.389290012, 188.628760529
495.908918406, 181.518026565
504.103007038, 173.664107486
512.145873321, 164.846449136
519.392904953, 155.610441767
526.512720157, 146.040443575
532.973226238, 135.756358768
539.445658774, 125.723132969
544.911314985, 115.582874618
550.677635588, 105.339427179
555.553344389, 97.493090105
557.767867353, 100.898799314
562.299366724, 103.163500288
570.122619048, 105.138095238
579.142857143, 108.986394558
588.648253968, 114.644444444
599.151333333, 121.181333333
608.42143906, 126.605726872
617.617730496, 133.058865248
626.336369156, 140.825136612
634.707682292, 147.953125
643.869888476, 155.205080545
653.04034761, 162.663563004
662.170289855, 170.320048309
663.673992674, 172.823565324
659.628630705, 172.863762102
655.903591682, 179.808443604
651.030851777, 186.955734406
643.269155206, 195.921414538
635.355645707, 203.517917512
625.533085962, 211.614718615
608.5, 224.5
598.5, 232.5
596.837623762, 235.757755776
587.87406015, 243.070802005
578.976005188, 250.437743191
570.311746032, 257.612698413
560.635704875, 264.807641634
551.154830454, 271.550223928
540.790438769, 278.466273739
530.170311465, 284.086149768
519.362726704, 289.669793621
507.232867598, 294.341317365
495.58768407, 298.263052209
482.398205659, 302.210489993
471.097777778, 304.363809524
458.971740527, 306.520231214
445.19047619, 308.66023166
433.958164642, 310.408906883
422.038610039, 311.3996139
409.462815405, 312.219787517
397.758964143, 313.18061089
387.301096067, 314.201805287
375.958333333, 314.965494792
365.760178117, 316.322519084
354.450859107, 316.890034364
341.161696488, 318.121272366
329.799748901, 319.285624608
318.71578258, 320.588081205
307.110241357, 321.570776256
295.13001912, 322.385595921
282.032595326, 322.675276753
269.435167615, 323.0
258.572616763, 323.907229687
245.508838384, 324.492424242
233.071517413, 324.473880597
221.081221572, 324.210526316
209.370169082, 323.573067633
197.482061318, 322.825831703
185.034591195, 322.440880503
188.333333333, 320.333333333
168.0562249, 322.040160643
172.904995905, 325.989352989
171.982795699, 334.615053763
173.70669746, 345.873749038
175.956478734, 355.193867458
181.040650407, 366.245934959
186.513182674, 375.562146893
194.115417743, 386.453919035
203.530646516, 397.866498741
211.019969278, 405.886328725
213.584872471, 405.794195251
218.441269841, 401.251851852
224.580272109, 397.859863946
229.274867122, 398.602126044
237.074660633, 400.880090498
245.441535777, 405.44938918
258.009681881, 406.319502075
264.432067511, 407.282700422
272.349162011, 404.503724395
280.298142717, 404.277614858
287.835238095, 405.56
295.251851852, 404.653703704
304.019607843, 406.808377897
312.557422969, 409.2054155
321.127067015, 409.333333333
330.721518987, 411.562869198
340.402129402, 412.916461916
349.700564972, 413.031073446
360.379704301, 412.329973118
370.172581768, 411.457202505
381.360323887, 409.696356275
392.269100744, 407.526707235
402.417037037, 405.677777778
413.091929825, 403.32
423.971302428, 400.687270052
435.780952381, 397.503296703
447.179051663, 394.887473461
459.239035088, 392.389619883
472.340707965, 390.304572271
484.548245614, 388.466374269
497.507215007, 386.457431457
510.560283688, 384.25035461
521.696774194, 381.997849462
532.157813703, 380.013856813
543.647407407, 377.974814815
556.393267652, 375.582101806
568.340562249, 373.496385542
581.952020202, 371.446969697
593.942480942, 369.992376992
606.775616083, 368.494811933
618.769827072, 367.129994037
631.061818182, 365.227272727
641.582312925, 362.747619048
653.268861454, 360.01303155
659.691056911, 359.06441526
656.529850746, 362.384328358
656.668593449, 365.569685292
660.598513011, 369.773234201
662.95202952, 373.575645756
661.453024453, 375.698198198
661.684371184, 380.45970696
661.940350877, 386.090643275
662.538752363, 392.366099559
663.278863233, 401.515689757
662.664391354, 402.896473265
661.486945962, 399.531876138
666.0, 400.0
658.0, 404.0
642.0, 412.0
640.271680217, 409.002710027
634.202865762, 412.342383107
612.485887097, 412.175403226
605.779270633, 409.48240563
597.291666667, 405.393081761
587.033333333, 398.775438596
577.759309718, 392.055404178
568.958631663, 384.833731106
560.909013605, 378.226190476
553.610144928, 370.58115942
546.610047847, 362.18261563
539.942684766, 354.504524887
532.442622951, 346.344945355
525.292446292, 338.927234927
516.978586724, 330.713775874
508.302740599, 323.635436584
499.632666667, 316.252
491.620271235, 309.474660956
481.542801556, 301.535019455
472.38247012, 294.580345286
462.485477178, 287.267634855
453.163165266, 280.25280112
443.799180328, 273.818306011
434.853442399, 267.077709611
425.135749822, 259.371712864
416.189168574, 251.709382151
406.7949327, 242.873317498
397.704671417, 233.433095804
388.971704624, 223.285714286
381.187590188, 212.987012987
374.074688797, 201.46473029
368.104303428, 190.350838804
362.695378151, 178.386554622
358.411016949, 167.037429379
354.370755371, 154.697851698
350.385438972, 142.274803712
346.207189542, 129.224183007
342.066308244, 117.431899642
338.502274204, 104.295646524
337.519487179, 100.532820513
336.220895522, 107.224875622
341.280440771, 105.353168044
346.672433679, 99.8806228374
364.0, 92.0
358.410498688, 90.554855643
366.102177554, 89.7225013959
374.772619048, 88.2303571429
383.484741784, 88.1073943662
392.080592105, 88.7944078947
399.15599051, 90.3309608541
406.463980464, 95.6105006105
417.218518519, 101.409259259
427.240136054, 107.27414966
436.455834945, 112.767246937
445.984817115, 118.989648033
454.555555556, 126.401084011
462.227625088, 133.580690627
469.627492877, 142.355413105
476.376, 153.22
482.033268102, 162.86431833
487.603830042, 174.861160981
491.946540881, 185.352201258
494.792072775, 196.28460039
498.166344294, 207.512572534
500.448567708, 219.524739583
501.452336449, 233.190031153
502.503505417, 246.253664755
503.464857342, 257.558107168
504.74831309, 269.420377868
506.591269841, 281.816798942
507.724116162, 292.589646465
508.830103359, 305.050387597
509.311890838, 315.477582846
509.770913771, 326.855212355
509.647904941, 337.969355847
508.96259185, 348.860387442
508.037395229, 361.010960671
507.13610586, 372.467548834
506.309668695, 383.729546991
505.143396226, 395.227672956
505.143302181, 401.912772586
507.915018315, 400.244688645
512.710663684, 399.263982103
518.196969697, 400.36002886
526.604210526, 402.692631579
537.067271353, 404.591836735
548.820395738, 406.373668189
562.413436693, 407.315245478
574.416456759, 407.503778338
585.338164251, 406.89452496
597.582463466, 406.59638135
607.593073593, 405.948773449
618.568213783, 404.669479606
630.022646851, 404.453644728
641.192721257, 404.733664185
660.0, 403.0
660.541666667, 404.436011905
670.5, 406.5
661.64057971, 403.148985507
659.0, 406.0
664.045256745, 397.872062663
659.248028674, 400.287455197
640.5, 408.5
645.138944556, 406.42752171
636.611360239, 409.718236173
624.81655481, 413.639821029
612.387951807, 416.59437751
602.312169312, 418.791005291
591.142255892, 419.517676768
574.5, 422.5
574.032539683, 419.603174603
566.050413845, 419.087283672
556.430803571, 419.071428571
559.0, 422.0
534.462321792, 418.845213849
522.246268657, 419.347429519
511.853975535, 419.683486239
492.042924212, 417.684104628
470.5, 414.5
476.535487959, 415.819391635
464.801851852, 414.401851852
455.118489583, 412.960286458
444.775390625, 412.046875
432.861111111, 410.593495935
420.159003831, 409.767560664
407.615956728, 409.800540906
396.539531942, 410.308032891
385.811734365, 411.292069632
374.661700807, 412.112973309
364.470975464, 412.49850389
354.278084715, 412.441375077
343.156603774, 412.416981132
331.640883978, 412.436464088
320.547854785, 412.494389439
310.294648614, 412.773049645
299.93544137, 413.586956522
289.265182186, 415.043184885
278.471637986, 415.893562779
268.359375, 416.449404762
255.847993827, 417.457561728
243.355603448, 418.17816092
232.491346877, 418.610233258
222.655233069, 419.112576957
210.283082077, 419.464824121
188.910377358, 418.754716981
176.469164715, 418.281811085
169.201388889, 417.441468254
166.262753319, 413.907756813
164.817164179, 405.822139303
164.494100295, 398.398230088
157.750972763, 389.006485084
160.5, 398.5
153.0, 394.0
156.741666667, 390.534722222
159.48502994, 397.019294744
162.128205128, 402.558663559
163.502532928, 401.926038501
163.0, 402.0
182.359491779, 401.319133034
191.024745269, 400.828966521
200.358922559, 398.775084175
210.677373305, 395.64882227
222.083682008, 390.809623431
232.508597884, 386.036375661
243.49122807, 380.301619433
255.585746102, 373.135115071
266.972666667, 365.285333333
277.39892905, 357.46519411
287.520308123, 349.391456583
299.928374656, 339.80922865
310.48245614, 331.903508772
320.388194444, 324.375
330.240819209, 317.334745763
340.792873051, 310.547884187
352.069264069, 303.375180375
363.074637681, 295.989855072
373.326102675, 288.649313087
382.231601732, 281.497113997
390.75, 274.369350282
399.171589311, 266.368495077
406.940789474, 258.377923977
415.17754386, 249.138245614
423.361111111, 239.172364672
430.087420043, 229.638948117
435.185478548, 219.683168317
439.351694915, 208.834039548
443.132962276, 197.613481756
446.144554455, 187.789438944
449.208778173, 175.771648873
450.839809134, 164.117927744
452.436407474, 152.569620253
452.438259757, 141.717210493
451.485964912, 131.515789474
449.981053878, 121.063351095
447.969855072, 110.283478261
445.545403271, 99.7349125776
445.304975124, 100.365174129
445.562917309, 99.7647663071
446.311145511, 98.1960784314
448.270300965, 99.8046564452
454.61322314, 99.6622589532
461.897435897, 100.45340838
469.201413428, 101.557714959
476.40747782, 104.591254753
484.40245478, 109.519379845
491.604938272, 116.004320988
498.381761006, 123.571069182
503.274832419, 132.340645948
507.89860583, 142.337135615
510.821405545, 154.408768536
514.28505291, 165.869047619
516.554522924, 177.143122677
518.782025486, 188.90878605
520.960508701, 200.087014726
523.063734863, 211.693435309
525.427471877, 223.703966844
527.80167264, 235.710274791
530.171865443, 245.628134557
532.953721076, 257.421513446
534.830845771, 267.664179104
537.279637378, 277.391910739
540.495776478, 289.725146199
543.33984375, 300.516276042
547.519736842, 313.427631579
551.35483871, 323.766427718
556.071203529, 334.403906742
561.061288305, 343.952470294
566.977124183, 353.959477124
573.057199211, 363.180802104
580.324343015, 372.697786999
587.392280702, 382.370526316
596.059096946, 393.258300133
602.985564304, 400.654199475
613.0, 416.0
614.581453634, 408.784461153
619.06864564, 407.43475572
624.707300275, 408.750688705
628.735611511, 408.662470024
632.381322957, 405.718547341
637.071338384, 406.402146465
641.163355408, 407.350257542
645.573148148, 405.848148148
643.0, 404.0
662.236313236, 411.514899515
655.0, 414.0
663.221374046, 415.633587786
674.0, 419.0
674.0, 426.0
661.726666667, 419.228666667
655.952069717, 413.690631808
661.608728367, 405.653875094
664.0, 406.0
670.584541063, 387.155394525
671.332451499, 380.125220459
669.213882163, 367.449556094
665.610350076, 358.845509893
659.100331675, 348.049751244
654.307253464, 339.988590057
646.976513098, 331.882565492
637.110833333, 323.425
626.275577558, 315.396864686
616.450406504, 309.084552846
605.699329983, 304.288107203
595.36954915, 300.0436068
583.842333954, 296.977653631
573.524470899, 294.951719577
563.01774398, 292.682509506
552.579900125, 290.728464419
541.774378585, 288.020395156
530.976805832, 285.919151756
519.799484204, 283.114764668
507.988823143, 280.72452334
496.759705489, 278.234270415
484.228170809, 275.824729127
472.411489646, 274.096192385
460.624024024, 272.471471471
448.472882389, 271.475929311
437.268115942, 270.92226614
425.826254826, 271.50965251
414.57983683, 272.366550117
403.119318182, 273.307449495
391.664851785, 274.334543255
380.244242424, 275.038181818
369.396910279, 275.833036245
358.551616915, 277.212064677
348.50562463, 278.673179396
338.117575758, 281.295757576
328.521201413, 283.826855124
318.410636982, 286.531849103
307.970623501, 289.290167866
297.211009174, 291.93088685
287.189686924, 294.742173112
277.279487179, 297.883974359
267.23943662, 300.808685446
255.521978022, 303.469474969
245.180076628, 304.859514687
233.18384569, 306.681735986
223.068222621, 308.484141233
212.242539683, 310.01015873
200.834890966, 310.802492212
190.319877676, 312.352905199
178.719903206, 312.522081065
168.706973768, 312.639795266
164.618181818, 315.672121212
164.49833887, 317.327796235
163.362779741, 320.632508834
165.425070028, 324.153361345
163.899698341, 330.659879336
153.0, 341.0
154.416851441, 349.284552846
151.099079972, 356.906581741
148.516231196, 365.652414885
147.536630037, 372.411172161
147.964867181, 382.292202228
150.486832205, 389.554552295
152.703125, 399.753720238
151.0, 392.5
157.837004405, 401.98825257
162.791452991, 403.305128205
166.922502334, 404.140056022
179.751792115, 403.408602151
191.181229773, 403.52184466
200.405025868, 401.682187731
209.98515219, 399.264291017
221.376068376, 395.191595442
232.03030303, 391.181096681
243.811795891, 385.40490391
254.404912281, 380.374736842
266.195195195, 374.876876877
278.47044335, 368.487684729
291.263703704, 362.791111111
303.941481481, 356.799259259
315.862121212, 351.892424242
328.529459241, 347.426957224
340.882584712, 343.159180457
353.693561532, 340.507742461
366.022012579, 337.398584906
379.363278172, 335.327029157
391.25315516, 333.809948033
403.284082798, 331.812990721
415.402209227, 329.294346979
427.460159363, 326.906374502
437.570757881, 324.71898055
449.281271129, 322.358350237
461.982795699, 320.095340502
474.7, 317.608163265
487.378431373, 315.115686275
498.599346405, 312.87124183
511.591459528, 310.605481198
523.567057292, 308.055989583
534.695560254, 305.861169838
546.637355147, 302.736196319
557.304703476, 300.260395365
568.114417989, 296.919312169
578.602303523, 293.08604336
588.504240052, 289.332028702
600.205479452, 285.215916504
611.669328011, 280.994011976
621.968, 276.713333333
633.210727969, 272.115581098
643.097250168, 267.8759222
652.56048906, 262.972972973
660.427350427, 257.882971729
659.826771654, 255.867016623
658.486042693, 249.238095238
657.561327561, 238.792207792
655.85733882, 229.167352538
653.105128205, 220.555128205
649.348759222, 209.423205902
645.813780261, 199.948479205
641.422517394, 189.736875395
636.65377176, 179.745970342
631.795076514, 170.49500998
626.6873706, 160.815044859
620.53081761, 149.052201258
614.914431673, 138.489782886
609.327541828, 128.235521236
603.118677043, 118.099870298
597.232867598, 107.427145709
592.646556977, 99.5971968312
590.859577369, 104.184730743
583.922178988, 106.979896239
577.570048309, 107.06763285
568.122180451, 104.698621554
557.964221825, 102.900417412
545.873474631, 100.420680796
533.386565272, 96.9207858048
520.962818004, 94.1154598826
509.467813894, 91.5736137667
497.918318318, 89.5867867868
485.451795841, 86.9873976055
473.218978102, 84.6563260341
461.101295642, 82.9664310954
450.856980057, 83.9128205128
441.1799117, 89.1710816777
432.678657074, 93.7302158273
421.88681592, 98.6013681592
411.089937107, 103.86163522
399.791258969, 109.199608611
389.203389831, 115.153170119
379.367253751, 120.603392042
369.130490956, 127.200258398
359.701520913, 134.187579214
350.124338624, 141.632936508
340.886058033, 148.69497523
332.282828283, 156.230880231
323.286216596, 164.591420534
314.020245842, 173.321764281
304.624169987, 182.533864542
296.156420765, 191.230874317
288.164418754, 199.649967887
280.366286439, 207.894169835
273.363471971, 215.535864979
266.659300184, 222.502762431
259.312306741, 229.847866419
252.061751733, 236.582860744
245.211052322, 243.013521458
237.975286317, 249.755877034
230.853535354, 256.362373737
221.850403476, 262.991309745
213.399352751, 269.994822006
204.714011516, 276.895073576
196.364234057, 283.674556213
187.969868173, 290.482736974
178.379572119, 298.561766736
169.478893741, 305.548034934
169.0, 303.0
162.972275951, 317.064474533
165.586506346, 322.675350701
165.892599869, 332.276358874
167.130197682, 341.157464213
167.48853211, 351.002293578
167.635933806, 361.899921198
165.0, 363.5
168.072822823, 381.557807808
166.893023256, 391.796124031
158.0, 417.0
164.102657005, 402.44263285
162.845559846, 401.653153153
160.483075158, 402.795180723
162.069590643, 403.378362573
158.5, 414.5
149.0, 415.0
159.346491228, 410.728070175
149.0, 413.0
158.013915244, 410.981024668
145.0, 420.0
152.0, 418.0
150.363809524, 405.032380952
156.0, 414.0
154.697916667, 407.774305556
149.0, 415.0
156.0, 414.5
147.0, 418.0
159.652547575, 406.787599754
156.0, 414.0
158.683731513, 406.421501706
147.0, 420.0
145.0, 415.0
155.0, 401.0
145.0, 415.0
151.0, 408.5
166.5, 416.5
176.5, 414.5
165.538354254, 410.226638773
169.0, 407.0
180.254347826, 408.172463768
190.355245684, 404.231075697
199.816260163, 399.889430894
209.815433572, 395.487669053
219.283018868, 390.962962963
229.881987578, 386.716356108
241.031818182, 382.449242424
253.039631989, 378.497523001
266.54736081, 374.992769342
277.457875458, 371.277655678
289.48463357, 367.501970055
300.504720407, 363.98983297
311.99066092, 360.213362069
324.393801965, 356.726379441
336.505854801, 353.198282592
347.863067293, 349.803599374
359.371385084, 346.330289193
370.527577938, 343.294964029
382.139175258, 339.567869416
394.0027894, 335.779637378
405.950699043, 333.155261221
416.506147541, 330.862704918
427.202548625, 327.987256875
437.774152271, 325.364683301
448.278940028, 322.708507671
458.478580991, 320.530120482
469.454035088, 317.918596491
481.608089261, 314.884239888
492.259628154, 312.537848606
503.033663366, 310.35049505
515.649838188, 308.439482201
525.686868687, 306.377777778
536.505555556, 304.327777778
547.596994536, 301.575819672
558.630685675, 298.952477936
568.050813008, 296.660569106
577.226266952, 294.279800143
587.819683908, 291.798132184
601.141372141, 288.57033957
613.425887265, 285.43493389
625.542101601, 282.60125261
638.1015625, 280.393229167
649.9218107, 278.288065844
658.033457249, 276.289962825
653.982993197, 272.878231293
651.961309524, 269.290922619
652.229559748, 262.33254717
654.311546841, 253.673928831
658.864844343, 241.815489749
662.115574348, 231.318534179
665.29754386, 220.327719298
667.583333333, 211.167349727
669.642625081, 201.520467836
671.540650407, 191.465447154
673.965744401, 180.725296443
674.018052869, 170.297227595
674.302168022, 159.067073171
680.0, 146.0
674.854125413, 138.677887789
670.78459441, 132.126107703
664.220875421, 121.27003367
659.192852742, 113.805914972
653.600653595, 106.288235294
647.116792929, 97.9779040404
643.562118126, 94.7291242363
639.450764526, 97.029969419
630.845087402, 99.1959011453
621.246819338, 103.529898219
611.793209877, 108.817283951
600.867980884, 114.632019116
590.496168582, 121.607918263
581.003198976, 128.61356366
573.128390597, 134.634719711
565.388694639, 141.754662005
556.564638783, 149.370722433
547.893509767, 156.06931317
538.96122449, 162.67755102
529.067688378, 169.453384419
518.908496732, 175.379084967
508.423480084, 179.827393431
497.217701642, 184.5917202
484.184511785, 188.520538721
473.363867684, 191.822519084
462.557312253, 194.258234519
451.600823045, 196.505486968
439.571428571, 197.968671679
429.124752475, 198.782838284
417.817610063, 199.130188679
407.158333333, 199.051282051
395.770833333, 198.910353535
383.848311026, 198.623964308
372.322265625, 198.549479167
361.747289973, 198.754742547
349.370936902, 199.852135118
338.238575269, 200.800403226
327.615586117, 201.857236411
315.621744792, 202.570963542
304.891170431, 202.812457221
292.524666667, 202.362
280.503006012, 201.62257849
269.549775209, 201.340398202
257.883916991, 200.215953307
247.73441247, 198.238009592
236.554901961, 196.099346405
225.101123596, 193.201622971
214.344066786, 191.083482409
203.423623995, 189.050711194
193.125399872, 188.04862444
181.315085158, 187.72323601
170.112110312, 186.476618705
166.755799756, 184.56959707
171.237237237, 182.668468468
172.062043796, 179.576034063
170.695434647, 172.174484053
166.39306358